
[angle]
	degree=0.017453292519943295769236907684886127134428718885417254560971
	gradian=0.015707963267948966192313216916397514420985846996875529104874
	radian=1
	revolution=6.283185307179586476925286766559005768394338798750211641949889

[force]
	newton=1
	pound-force=4.4482216152605

[length]
	kilometre=1e3
	metre=1
	centimetre=1e-2
	millimetre=1e-3
	micrometre=1e-6
	mile=1609
	foot=0.3048
	inch=0.0254

[mass]
	metric-ton=1000
	kilogram=1
	gram=1e-3
	milligram=1e-6
	short-ton=907.18474
	short-hundredweight=45.359237
	pound=0.45359237
	ounce=0.028349523125
